[IDLE]
-2
12
90
-25
8
90
0
1
90
25
1
90
-25
-4
90
-2
-12
90
[WALK]
-2
12
90
-13
15
47
0
1
90
25
1
90
-25
-4
90
-4
-10
90
-2
8
90
-25
16
89
0
1
90
25
1
90
-21
-5
139
-5
-5
90
-5
-7
90
-25
-2
89
0
1
90
25
1
90
-17
10
139
-4
8
90
-5
-12
90
-25
-2
89
0
1
90
25
1
90
-18
17
60
-1
14
90
-5
-5
90
-18
-4
131
0
1
90
25
1
90
-25
12.099999999999973
90
-7
7
90
[FALL]
44
15
90
-17
16
55
0
1
84
25
1
100
-25
-4
126
48
-16
90
48
15
90
-13
19
55
0
1
84
23
1
100
-24
1
126
43
-16
90
42
15
90
-17
20
55
-2
2
84
25
2
100
-21
-3
126
47
-14
90
38
20
90
-13
19
55
0
1
84
26
3
100
-23
-5
126
44
-13
90
[JUMP]
-17
14
147
-35
7
153
5
1
90
35
1
90
-32
-2
119
-15
-12
144
0.12226150830001581
22.561130754150007
147
-25.58275617043499
10.424452301660004
153
-2
1
90
29.863321547509994
1
90
-25.15109539667999
-2.856113075415001
119
2.122261508300016
-17.136678452490006
144
23
24
147
-25.58275617043499
10.424452301660004
162
-2
1
90
29.863321547509994
1
90
-25.15109539667999
-2.856113075415001
150
22
-20
144