-720.0000000000002
-280.0000000000001
836.0000000000002
520.0000000000002
1208.0000000000005
576.0000000000002
844.0000000000002
656.0000000000002
556.0000000000002
564.0000000000002
-1220.0000000000005
284.0000000000001
-1220.0000000000005
40.000000000000014
1116.0000000000005
-208.00000000000006
-1208.0000000000005
256.0000000000001
1244.0000000000005
300.0000000000001
1064.0000000000005
-260.0000000000001
-1176.0000000000005
396.0000000000001
908.0000000000003
116.00000000000004
288.0000000000001
424.0000000000001
-324.0000000000001
-236.00000000000009
-240.00000000000009
240.00000000000009
-328.0000000000001
-180.00000000000006
-264.0000000000001
568.0000000000002
-28.00000000000001
604.0000000000002
956.0000000000003
180.00000000000006
-164.00000000000006
92.00000000000003
168.00000000000006
688.0000000000002
-1180.0000000000005
336.0000000000001
-968.0000000000003
-356.0000000000001
-836.0000000000002
-276.0000000000001
-628.0000000000002
-400.0000000000001
-20.000000000000007
-164.00000000000006
704.0000000000002
596.0000000000002
896.0000000000003
68.00000000000003
584.0000000000002
256.0000000000001
360.0000000000001
336.0000000000001
308.0000000000001
228.00000000000009
4.000000000000002
-116.00000000000004
-1056.0000000000005
120.00000000000004
-1040.0000000000005
592.0000000000002
944.0000000000003
708.0000000000002
-1224.0000000000005
496.00000000000017
-1264.0000000000005
-136.00000000000006
-616.0000000000002
432.00000000000017
196.00000000000006
-340.0000000000001
1236.0000000000005
420.0000000000001
-840.0000000000002
648.0000000000002
-92.00000000000003
-244.00000000000009
-272.0000000000001
336.0000000000001
628.0000000000002
-32.000000000000014
512.0000000000002
-156.00000000000006
-280.0000000000001
-124.00000000000004
204.00000000000006
132.00000000000006
-956.0000000000003
212.00000000000006
-384.0000000000001
184.00000000000006